10057074
10079989
10144397
10168636
10168640
10168641
10231544
10242520
10265716
10272107
10310937
10457105
10611609
10651750
11590722
11599679
11657039
11682675
11697105
11701479
11885054
12110233
12213909
12229150
12260783
12391294
12563594
12599038
12649903
12650074
12650076
12650358
12650361
12650364
12653783
12653798
12657790
12657812
12657826
12725293
12793773
12802039
12828590
12858081
12862858
12898833
12914301
12961171
12990423
12996112
13035915
13040353
13095153
13152300
13187237
13268207
13367438
13411103
13423552
13519783
13616649
13715716
13783115
13783157
13861717
13889879
13901709
13966524
14013002
14019583
14037874
14084984
14088714
14105912
14127825
14242266
14242433
14250732
14268184
14276123
14307517
14321297
14321881
14332639
14350440
14355164
14370228
14374925
14377998
14393286
14466352
14494652
14495946
14499721
14508563
14552878
14584858
14596118
14603301
14609678
14623549
14630730
14648276
14653664
14658469
14658699
14682543
14726392
14728374
14757679
14778271
14819765
14825693
14837793
14840279
14842261
14881195
14913478
14913673
14921998
14933623
14993671
14999952
15015174
15033941
15053207
15109846
15118793
15120621
15122809
15147545
15165856
15168343
15195817
15207228
15221019
15235019
15248719
15264069
15266009
15277260
15299928
15308003
15333853
15343500
15351542
15355065
15363341
15384105
15400399
15400416
15406590
15414588
15433694
15436100
15451024
15461640
15465195
15472046
15476630
15479467
15485864
15500167
15530544
15537750
15546865
15546867
15547631
15554022
15554814
15554816
15576167
15595785
15601828
15602963
15607107
15614561
15614811
15622751
15622925
15634852
15639426
15647015
15648840
15652105
15653599
15679777
15693282
15701386
15702902
15705394
15709435
15710490
15713142
15713143
15716170
15724825
15725636
15727106
15729210
15729827
15731358
15744573
15748066
15749698
15757361
15760914
15765184
15779827
15785467
15794133
15795763
15801619
15818909
15826882
15851066
15851075
15851076
15854168
15854187
15863434
15864938
15867379
15868159
15869311
15878433
15878464
15878833
15881264
15882331
15882588
15886541
15891070
15896602
15903215
15903248
15903249
15906089
15907261
15926135
15926277
15926438
15928945
15931551
15931958
15932699
15933920
15934193
15934218
15935108
15935211
15935329
15935459
15935488
15935651
15937437
15941583
15942121
15944684
15944711
15947692
15947905
15950681
15952378
15952387
15960949
15961529
15962330
15962621
15963296
15964048
15964676
15976345
15976465
15976534
15977423
15978216
15978947
15979648
15980069
15981849
15982849
15984181
15984663
15987010
15988285
15988394
15990663
15992111
15996267
15998044
15998551
15999082
16004200
16005151
16005527
16006700
16006879
16007261
16009546
16014661
16014876
16016024
16018763
16019239
16024738
16029072
16030093
16030729
16031750
16032468
16034206
16035456
16035851
16040733
16042834
16045095
16047754
16048067
16048347
16053654
16057210
16058810
16060239
16062452
16068225
16071777
16076025
16077932
16078738
16080814
16081216
16081671
16081674
16081677
16082240
16084539
16085358
16085970
16086774
16087272
16093398
16093727
16094101
16097464
16098547
16100657
16101874
16102620
16103441
16104448
16113106
16118739
16119668
16130007
16130262
16130918
16131977
16133021
16133446
16134730
16134902
16135250
16137772
16142582
16143073
16148298
16152161
16157549
16160192
16164274
16164960
16165354
16165708
16166026
16168886
16172789
16173506
16176809
16177816
16178651
16179141
16180809
16181476
16181872
16185298
16186416
16186858
16187230
16191422
16192888
16194758
16197743
16197853
16198260
16199797
16200686
16201187
16201325
16201505
16201722
16202052
16202795
16203348
16205985
16212218
16212224
16214783
16215402
16217850
16219990
16221598
16223997
16227728
16229719
16234650
16235617
16235623
16235780
16236815
16237784
16237829
16240553
16243264
16243853
16244508
16244589
16246136
16246141
16246143
16246145
16249360
16249485
16251517
16252525
16253625
16253909
16254376
16255004
16257043
16259790
16260911
16261724
16261735
16261743
16262093
16262218
16262338
16266576
16267048
16267056
16269068
16269922
16270973
16271277
16271912
16272210
16273394
16274427
16275466
16276673
16277840
16278401
16278749
16279504
16284412
16286327
16290636
16291259
16292432
16292471
16292474
16292599
16292641
16295520
16297361
16297442
16300513
16300889
16304121
16304625
16306786
16307029
16307639
16310167
16310755
16312360
16313793
16318366
16318452
16319977
16320177
16320658
16326802
16327424
16329527
16329584
16330383
16331452
16332184
16332186
16332318
16334043
16342951
16343075
16343543
16343949
16344297
16344301
16344823
16350076
16351192
16353050
16353284
16354035
16354509
16354609
16354669
16355460
16355483
16356541
16357060
16358077
16359735
16360460
16361519
16365128
16365219
16367132
16371996
16375423
16375643
16375793
16376430
16376460
16377298
16378003
16379249
16379731
16381511
16383290
16384870
16386687
16386981
16387108
16389750
16390145
16390996
16392785
16392889
16393848
16396711
16396966
16399454
16399872
16405183
16406309
16406734
16407832
16408463
16410416
16411179
16411754
16412235
16412537
16413116
16413133
16413177
16413696
16417274
16417519
16417527
16418215
16422409
16423009
16423244
16427390
16427546
16429309
16429372
16430152
16430756
16431321
16431648
16431958
16437312
16438405
16438415
16445559
16446681
16446954
16447067
16447310
16448806
16449841
16454877
16458292
16461190
16461533
16465224
16466271
16469631
16475006
16475068
16475150
16476535
16478545
16479761
16481037
16486210
16490472
16490623
16491049
16493197
16493797
16493952
16495361
16495673
16496141
16497116
16498024
16500109
16501701
16521871
16524321
16525986
16526613
16530656
16539011
16540634
16541460
16541504
16541733
16543193
16543257
16543258
16543529
16547116
16548464
16548718
16548831
16548923
16549183
16549475
16549633
16551395
16551725
16556103
16558278
16560099
16561477
16561989
16562602
16563485
16563489
16563714
16564440
16564900
16565492
16566760
16566872
16567710
16569918
16570396
16570589
16573969
16574470
16579542
16580999
16581702
16584281
16585940
16587423
16587721
16589368
16590770
16593932
16594627
16599689
16599938
16599939
16600063
16606480
16606496
16608431
16615937
16619777
16624202
16627402
16627903
16629612
16631571
16631944
16633791
16636197
16636388
16636722
16638854
16639692
16640554
16641001
16641005
16641654
16644425
16645488
16645915
16648228
16648599
16650296
16650437
16650742
16651573
16651979
16653000
16653895
16654585
16654862
16655161
16655649
16658096
16658317
16661202
16661325
16664057
16665146
16665332
16666583
16667346
16668347
16671485
16672019
16672287
16672335
16672616
16672649
16675659
16676255
16676968
16677014
16680299
16682304
16682956
16683731
16683769
16683905
16683914
16686341
16686580
16687261
16687726
16689005
16690632
16691214
16691446
16692175
16693016
16694081
16695448
16697092
16698634
16699783
16700552
16700798
16701050
16702244
16703351
16703919
16704682
16704685
16704918
16705322
16706270
16706294
16706949
16706983
16707142
16707294
16710946
16711091
16712178
16712489
16713285
16713444
16713616
16713738
16713785
16714651
16715811
16717764
16718057
16718188
16718425
16719024
16719562
16724086
16724239
16726895
16729304
16729388
16729727
16730315
16730330
16732506
16732583
16732949
16732983
16733831
16734592
16737009
16737828
16737882
16738686
16739635
16739699
16740255
16740469
16740987
16742237
16743829
16743851
16745898
16746643
16747309
16747902
16747957
16748224
16748462
16748908
16750036
16750052
16750620
16752062
16753576
16754351
16754588
16754794
16755438
16755969
16756748
16757087
16757116
16757592
16759594
16760095
16760611
16761516
16761544
16761934
16762649
16762785
16762834
16762917
16763030
16763163
16763264
16763303
16763636
16764514
16764724
16764739
16765138
16765352
16765482
16765725
16766043
16767079
16767491
16767841
16769460
16769480
16769514
16771833
16773260
16773505
16773510
16773678
16773788
16774579
16775574
16775697
16776129
16777680
16778468
16778673
16778679
16778869
16781784
16781989
16782237
16782444
16783666
16783683
16784149
16784241
16786052
16786928
16787694
16788709
16788744
16789017
16789031
16789122
16789329
16789522
16789898
16789904
16790905
16791319
16792036
16792299
16792632
16792705
16792864
16793376
16793445
16793854
16794243
16794809
16795322
16795907
16796005
16796036
16796858
16797949
16798120
16798261
16798498
16798694
16799039
16799199
16802211
16803427
16803501
16804267
16805173
16805277
16805593
16805872
16806838
16807021
16807646
16807791
16808388
16808768
16809772
16809796
16809840
16809917
16809919
16810269
16810712
16811313
16811717
16811953
16812177
16813478
16813751
16813967
16814029
16815659
16816032
16816086
16816449
16818003
16818397
16819105
16819419
16819883
16819928
16820331
16820388
16821376
16823186
16823302
16823889
16823982
16823990
16824099
16824430
16824708
16825291
16825532
16825721
16825742
16826032
16826780
16827202
16827794
16828678
16828792
16830462
16830773
16830784
16830980
16831356
16831670
16831711
16831759
16832134
16832135
16833120
16833124
16833135
16835920
16836477
16837941
16838568
16838880
16839096
16839390
16839725
16839771
16839789
16839850
16839877
16840704
16842030
16842112
16842134
16842154
16842177
16842382
16842646
16843300
16843925
16844907
16845298
16846085
16846670
16848137
16848280
16848287
16848298
16848501
16848512
16849760
16850464
16852928
16853035
16853597
16854179
16854570
16854816
16858051
16858123
16859299
16859435
16859858
16859942
16860013
16860124
16860305
16861298
16861346
16861717
16861804
16861947
16862636
16862906
16863544
16864175
16864590
16865343
16865481
16865568
16866235
16867049
16868493
16868915
16868926
16869036
16869502
16870099
16870189
16871719
16872019
16872062
16872306
16872759
16873025
16873407
16873796
16875102
16875272
16875460
16876605
16876689
16876704
16876710
16876747
16876752
16877249
16877982
16878044
16878075
16878227
16878431
16879280
16879353
16879697
16880058
16880471
16881278
16881639
16881820
16882231
16882247
16882718
16882721
16882858
16884363
16885900
16887691
16888265
16888687
16888762
16888879
16889045
16889071
16889129
16889291
16889833
16890817
16890846
16891691
16892845
16892898
16892902
16892910
16893181
16893203
16893264
16893935
16893992
16894088
16894345
16895018
16895391
16895426
16895438
16895525
16896083
16896124
16896152
16896893
16897014
16897563
16898038
16898250
16898589
16898615
16898941
16899236
16899248
16900202
16900491
16902008
16902665
16903032
16904367
16905522
16905544
16905675
16905750
16905864
16905886
16905924
16905940
16906574
16906658
16906843
16907166
16907176
16907592
16907959
16908020
16908615
16908992
16911182
16911281
16911418
16911720
16911734
16912059
16912080
16912164
16912261
16912333
16912492
16912691
16912703
16912797
16912862
16912924
16913006
16913616
16913946
16914008
16915150
16915770
16916259
16916524
16916561
16916718
16916835
16917142
16917225
16917580
16917596
16918425
16920425
16920950
16921200
16921464
16922331
16922631
16922880
16923037
16923265
16924434
16924549
16924561
16924764
16925418
16925799
16926005
16926165
16926196
16926366
16926533
16927132
16927612
16927616
16928344
16928416
16928585
16929286
16929550
16929551
16929620
16929626
16929627
16929628
16929648
16929957
16931516
16931826
16932205
16932482
16932854
16932934
16932983
16933620
16934745
16934791
16935188
16935199
16935781
16935916
16936391
16936523
16937164
16937496
16937982
16938133
16938206
16938974
16939616
16939781
16940004
16940215
16941842
16941931
16942017
16942509
16942591
16943477
16944250
16944617
16944911
16944958
16945826
16946095
16946387
16946575
16946601
16946681
16947692
16947826
16947864
16948522
16948851
16949170
16949177
16949715
16949772
16950950
16951422
16951434
16951900
16951946
16952062
16952136
16952158
16952194
16952242
16952776
16952866
16953385
16954139
16955151
16955179
16955275
16956429
16956655
16956800
16958384
16958505
16958999
16959759
16960153
16960186
16961045
16961046
16961643
16961908
16961926
16962486
16963196
16963676
16963803
16964153
16964170
16964557
16964566
16965814
16966129
16966137
16966138
16966142
16966673
16967183
16967704
16967741
16968122
16968200
16968503
16968678
16969015
16969415
16969420
16969768
16970362
16970465
16970636
16971472
16971536
16971538
16971539
16971540
16971545
16971555
16971971
16972134
16972298
16972598
16972875
16973991
16974509
16974528
16974591
16975258
16976379
16976618
16976922
16976960
16977448
16977714
16977775
16978053
16978655
16979886
16979896
16980137
16980321
16980322
16980454
16981098
16981552
16981941
16982299
16982756
16983019
16983316
16983371
16983431
16984182
16984695
16984942
16984943
16984953
16984965
16984985
16985257
16985297
16985780
16986154
16986931
16987096
16987282
16987391
16987664
16987990
16988291
16988356
16988705
16989147
16989410
16989733
16990150
16990202
16990325
16990384
16990833
16991337
16991743
16991826
16992345
16992486
16992818
16994339
16994448
16994531
16994984
16995172
16995175
16995367
16995691
16995762
16996196
16997075
16997147
16997235
16997455
16998098
16998103
16998700
16999610
16999652
16999731
17000059
17000291
17000875
17001457
17001741
17002351
17002773
17002811
17003788
17003950
17004101
17004121
17004278
17004647
17005075
17005131
17005157
17005159
17005161
17007280
17007542
17007926
17007985
17008077
17008325
17008359
17009151
17009244
17009516
17009810
17010126
17010247
17012217
17012402
17012421
17012439
17012525
17012626
17012851
17012883
17013802
17013841
17013948
17014010
17014038
17014055
17014162
17014291
17015687
17016169
17016802
17016810
17017457
17018070
17018285
17018416
17018871
17019059
17019365
17019395
17019397
17019399
17019626
17019815
17020093
17020260
17020286
17020366
17020694
17020860
17021632
17022756
17022791
17022895
17023244
17023505
17023783
17023957
17024304
17024969
17025139
17025283
17025535
17025876
17025931
17026121
17026769
17027057
17027908
17028113
17028226
17028265
17028830
17029639
17029640
17029875
17029880
17031005
17031314
17032119
17032460
17032466
17033011
17033151
17034207
17034303
17034508
17035113
17035235
17035238
17035279
17036302
17036697
17036895
17037273
17037416
17037600
17037952
17038560
17038747
17038906
17039973
17040705
17040783
17041159
17041329
17041441
17041458
17041651
17041771
17041826
17041941
17042076
17042485
17042970
17043022
17043337
17043575
17043644
17044105
17044342
17044344
17044378
17044381
17044420
17044472
17044737
17045246
17045550
17045553
17045777
17045847
17045877
17045927
17046165
17046269
17046303
17046305
17046309
17046313
17046934
17047148
17047332
17047664
17047982
17048063
17048429
17048465
17048579
17048584
17048683
17049134
17049492
17050194
17050197
17050288
17050319
17050546
17050547
17050760
17050944
17050990
17051017
17051103
17051227
17051357
17051424
17051617
17051667
17053183
17053194
17053216
17053538
17053720
17053890
17054360
17054366
17054469
17054659
17055507
17055574
17055649
17056457
17056521
17056680
17056757
17056820
17057403
17057840
17058383
17058741
17059283
17059526
17060033
17060424
17060578
17060701
17060957
17060967
17061464
17061553
17061647
17061834
17062174
17062249
17062428
17062444
17062451
17062623
17062788
17063023
17063394
17063833
17064043
17064379
17064416
17064877
17064927
17065197
17065518
17065522
17065523
17065524
17065531
17065533
17066231
17066232
17066345
17066746
17067789
17067829
17067830
17067831
17067891
17067896
17067899
17067909
17067981
17067982
17068015
17068029
17068052
17068068
17068072
17068073
17068137
17068139
17068358
17068671
17068672
17068673
17068676
17068679
17068681
17068683
17068711
17068714
17068716
17068718
17068719
17068721
17068723
17068726
17068727
17068728
17068949
17069127
17069213
17069458
17069828
17069895
17070253
17070927
17071723
17071959
17072133
17072270
17072491
17072530
17072643
17072655
17072753
17072957
17073437
17073442
17073650
17073747
17073803
17074090
17074180
17074629
17074765
17074914
17074985
17075543
17075574
17075856
17076980
17076996
17077050
17077092
17077341
17077350
17077542
17077639
17077682
17077769
17078228
17078234
17078330
17078403
17078712
17078931
17079586
17079790
17079884
17080011
17080362
17080552
17080577
17081982
17082127
17082278
17083011
17083125
17083487
17083629
17084184
17084215
17084386
17084755
17084892
17085155
17086567
17087019
17087436
17087459
17087846
17088163
17088170
17088323
17089189
17089311
17089321
17089418
17089582
17089708
17089802
17089837
17091181
17091186
17091475
17091731
17092603
17093656
17094056
17094067
17094325
17094803
17095127
17095409
17095439
17095479
17095506
17095741
17095904
17095991
17096173
17096220
17096222
17096314
17096356
17096755
17096805
17097291
17097631
17098191
17098268
17099019
17099125
17099271
17099575
17099774
17099829
17099876
17099959
17100576
17101171
17101415
17102024
17102667
17102734
17102798
17103038
17103041
17103267
17103749
17103844
17103858
17103888
17104834
17104835
17104839
17105502
17105571
17105609
17105878
17106950
17107156
17107222
17107382
17107634
17107783
17108128
17108828
17109008
17109016
17109083
17109298
17109898
17110037
17110309
17110377
17110392
17110813
17112717
17113037
17113834
17113856
17113956
17114750
17114821
17114858
17115519
17115800
17116198
17116267
17116927
17117433
17117515
17118325
17118426
17118484
17118513
17118659
17118686
17119539
17119674
17119715
17120036
17120075
17120404
17121373
17121424
17121455
17122082
17122103
17123023
17124153
17125017
17125485
17125616
17125729
17126109
17126219
17126308
17127022
17127075
17127277
17127356
17128521
17128738
17128798
17128807
17129052
17129138
17129484
17129696
17129699
17129759
17130247
17130424
17130495
17130498
17130517
17130800
17131222
17131223
17131313
17132140
17132397
17132404
17132757
17132759
17132861
17134067
17134271
17134390
17134477
17134546
17134653
17134846
17135084
17135091
17135158
17135220
17137182
17137238
17137246
17137378
17137446
17137471
17137518
17137619
17137628
17137680
17138160
17138282
17138284
17138868
17139264
17139421
17139522
17139623
17139769
17139861
17140467
17140838
17141244
17141339
17141524
17141705
17141837
17142588
17142740
17142750
17142759
17142764
17143174
17143193
17143449
17143465
17143636
17143801
17144318
17144404
17144516
17144764
17144876
17145120
17145332
17145527
17145871
17146037
17146170
17146400
17146550
17146756
17146804
17146829
17146886
17146991
17147255
17147407
17147494
17147540
17147548
17147550
17147652
17147690
17147728
17147817
17148384
17148626
17148635
17148761
17148999
17149195
17149208
17149259
17149327
17149509
17149671
17149806
17149845
17149942
17149961
17150358
17150543
17150920
17150992
17151341
17151629
17151981
17152112
17152249
17152944
17152965
17153018
17153047
17153074
17153548
17153692
17153830
17153834
17154587
17154610
17154963
17155496
17155654
17155872
17156003
17156116
17156123
17156131
17156239
17156292
17156297
17156350
17156353
17156376
17156395
17156428
17156430
17156748
17156820
17157049
17157206
17157257
17157555
17157912
17157966
17158305
17158504
17158935
17158985
17159067
17159503
17159568
17159638
17159655
17160268
17160299
17160557
17160785
17160981
17161063
17161164
17161381
17161431
17161506
17161712
17161866
17162041
17162045
17162222
17162252
17162387
17162467
17162600
17162603
17162604
17162812
17162815
17162874
17163017
17163133
17163134
17163203
17163209
17163227
17163285
17163291
17163422
17163575
17163614
17163615
17163784
17164227
17164397
17164632
17165365
17165445
17165549
17165598
17165931
17165943
17166029
17166561
17166582
17166895
17167084
17167616
17167733
17167817
17167849
17167945
17168073
17168076
17168779
17168927
17169018
17169448
17169547
17169564
17169676
17169910
17170018
17170090
17170210
17170219
17170340
17170348
17170929
17171035
17171609
17172161
17173504
17173795
17173906
17173994
17174132
17174167
17174186
17174406
17174438
17174445
17174633
17174643
17174647
17174931
17175170
17175789
17175989
17176184
17176768
17176991
17177084
17177137
17178430
17178619
17178895
17178902
17178905
17179133
17179885
17179924
17180136
17180331
17180533
17180554
17180773
17180873
17181131
17182946
17182961
17183319
17183567
17183581
17183656
17183795
17184310
17184324
17184427
17184516
17184588
17184667
17184774
17185092
17185566
17185581
17185762
17185794
17185823
17186079
17186271
17186397
17186500
17186513
17186608
17186644
17186647
17186654
17186689
17186703
17186714
17187120
17187273
17187275
17188277
17188447
17188887
17188905
17189012
17189020
17189103
17189327
17189409
17189648
17189725
17189784
17189802
17190020
17190220
17190245
17190843
17190993
17191074
17191165
17191185
17191333
17191434
17191855
17192242
17192325
17192611
17193181
17193421
17193442
17193495
17193557
17193599
17194035
17194489
17194502
17194529
17195268
17195589
17195648
17195857
17195985
17196378
17196527
17196838
17197378
17197574
17197669
17197749
17197759
17197794
17197854
17197859
17197860
17197932
17197933
17197978
17198159
17198240
17198658
17199134
17199146
17200103
17200377
17200479
17200498
17200878
17200944
17200946
17201183
17201189
17201210
17201426
17201467
17201773
17201903
17202344
17202379
17202844
17202975
17202977
17203385
17203629
17204261
17204370
17204699
17204718
17204794
17205086
17205278
17205733
17206113
17206270
17206506
17206748
17206902
17206950
17207188
17207198
17207615
17207811
17207836
17207875
17207905
17208056
17208247
17208595
17208627
17208632
17208910
17209146
17209302
17209322
17209467
17209540
17209912
17210551
17210554
17210685
17211242
17211330
17211547
17211711
17212177
17212297
17212747
17213128
17213218
17213355
17213418
17213533
17213631
17213641
17213918
17213967
17214173
17214191
17214390
17214417
17214434
17214482
17214591
17214810
17215405
17215415
17215459
17215533
17215618
17215627
17215641
17215786
17215976
17215990
17216181
17216634
17216776
17217219
17217235
17217239
17217442
17217494
17217590
17217644
17218417
17218613
17218973
17219368
17219448
17219662
17220367
17220372
17220447
17220484
17220798
17220813
17221342
17221642
17221943
17221996
17221998
17222270
17222276
17222281
17222326
17222395
17222405
17222448
17222452
17222492
17222494
17222708
17222726
17222847
17222902
17222980
17223480
17223660
17223661
17223671
17223677
17223937
17224019
17224055
17224257
17224311
17224363
17224541
17224581
17224591
17224657
17224663
17224882
17225094
17225207
17225277
17225730
17225778
17225878
17225902
17226101
17226102
17226103
17226612
17226965
17226992
17227051
17227146
17227163
17227255
17227712
17227759
17228006
17228072
17228079
17228103
17228324
17228748
17228787
17228999
17229016
17229057
17229246
17229778
17229928
17230178
17230234
17230297
17230493
17230659
17230800
17231077
17231289
17231927
17232240
17232466
17232774
17232789
17232813
17232865
17233012
17233164
17233167
17233229
17233445
17233682
17234405
17234640
17235173
17235275
17235288
17235866
17236495
17236532
17236794
17236820
17237036
17237257
17237390
17237598
17237679
17237737
17237745
17237783
17238329
17238793
17238798
17239025
17239345
17239365
17239388
17239751
17239754
17239835
17240064
17240249
17240489
17240605
17240669
17240716
17240843
17240972
17241356
17241695
17241797
17242039
17242104
17242108
17242284
17242343
17242368
17242448
17242667
17242972
17242973
17243054
17243291
17243346
17243421
17243536
17243753
17244195
17244454
17244491
17244572
17244715
17244788
17244941
17245157
17245744
17245830
17246106
17246246
17246387
17246411
17246441
17246476
17246583
17246636
17246944
17247019
17247025
17247199
17247382
17247433
17247449
17247804
17248238
17248249
17248275
17248347
17248351
17248435
17248648
17248774
17248860
17248912
17249084
17249172
17249263
17249533
17249562
17249679
17249694
17249707
17250013
17250692
17250743
17250936
17251778
17252108
17252112
17252276
17252303
17252324
17252376
17252406
17253404
17253669
17253704
17253715
17254046
17254108
17254423
17254458
17254666
17254787
17254937
17254942
17255026
17255512
17255626
17255991
17256116
17256218
17256269
17256290
17256405
17256513
17256565
17256709
17257146
17257376
17257601
17257861
17258219
17258268
17258684
17258705
17258736
17258955
17258958
17259196
17259493
17259532
17259550
17259556
17259571
17259917
17260267
17260601
17260697
17260755
17260865
17260890
17260913
17260970
17261223
17261241
17261403
17261664
17261758
17261787
17261845
17261913
17262019
17262196
17262225
17262240
17262340
17262473
17262599
17262812
17262815
17263086
17263427
17263492
17263573
17263692
17263759
17263768
17263803
17263811
17263837
17263847
17263970
17264126
17264227
17264239
17264515
17264763
17264858
17264928
17265005
17265101
17265171
17265182
17265383
17265422
17266141
17266279
17266326
17266733
17266738
17266884
17266921
17266950
17267114
17267323
17267515
17267663
17267745
17267768
17268414
17268645
17268725
17268739
17268750
17268753
17269323
17269336
17269457
17269460
17269469
17269493
17269645
17269766
17269814
17269843
17269968
17270263
17270387
17270392
17270426
17270579
17270679
17270713
17270776
17271010
17271085
17271263
17271463
17271552
17271561
17271585
17271742
17271831
17272054
17272295
17272307
17272405
17272481
17272520
17272570
17272618
17272692
17273026
17273123
17273127
17273191
17273500
17273685
17273857
17273980
17273999
17274053
17274308
17274376
17274460
17274506
17274723
17274759
17274780
17275050
17275370
17276049
17276163
17276216
17276481
17276592
17276605
17276630
17276864
17277126
17277130
17277132
17277181
17277237
17277238
17277337
17277382
17277387
17277573
17277873
17277885
17278111
17278293
17278302
17278512
17278648
17278730
17278971
17279017
17279159
17279602
17279689
17279973
17280107
17280257
17280728
17280763
17280780
17281330
17281360
17281575
17281639
17281717
17282348
17282469
17282759
17282932
17283142
17283215
17283240
17283281
17283680
17283684
17283736
17283887
17284061
17284079
17284190
17284236
17284278
17284292
17284544
17284603
17284681
17284683
17284713
17284785
17284806
17284875
17284913
17284980
17284982
17284995
17285075
17285276
17285286
17285422
17285426
17285523
17285548
17285569
17285688
17285784
17285820
17285858
17286428
17286674
17286850
17286866
17287113
17287144
17287202
17287251
17287362
17287519
17287591
17287602
17287905
17288031
17288047
17288173
17288519
17288981
17289160
17289180
17289311
17289509
17289545
17289640
17289694
17289723
17289729
17289803
17289910
17289967
17289992
17290049
17290063
17290079
17290195
17290262
17290288
17290747
17290951
17291178
17291236
17291494
17291579
17292028
17292094
17292224
17292361
17292964
17292997
17293132
17293167
17293173
17293452
17293500
17293639
17293668
17293681
17293798
17293818
17294308
17294564
17294709
17294819
17295030
17295069
17295506
17295558
17295582
17295592
17295740
17295973
17296027
17296171
17296181
17296263
17296266
17296376
17296561
17296589
17296817
17297003
17297006
17297012
17297129
17297140
17297163
17297233
17297296
17297570
17297664
17297739
17297789
17297831
17297898
17297929
17297954
17297995
17298000
17298234
17298293
17298387
17298393
17298569
17298672
17298845
17298950
17299177
17299559
17299900
17300200
17300240
17300893
17301034
17301052
17301107
17301164
17301171
17301301
17301308
17301865
17302023
17302182
17302559
17302775
17302802
17302858
17303022
17303024
17303320
17303349
17303757
17304719
17304753
17304936
17305009
17305094
17305100
17305223
17305472
17305479
17305574
17305628
17305713
17305917
17305931
17305937
17306041
17306053
17306129
17306186
17306283
17306296
17306297
17306453
17306579
17306634
17306740
17307148
17307202
17307491
17307895
17307900
17308134
17308352
17308357
17308374
17308376
17308389
17308534
17308587
17308812
17308841
17309334
17309639
17309674
17309745
17309994
17310494
17310571
17312686
17312842
17313068
17313139
17313292
17313407
17313979
17314178
17314576
17315120
17315236
17315292
17315296
17315362
17315510
17315521
17315552
17315592
17315802
17315929
17315942
17316091
17316335
17316480
17316494
17316581
17316625
17316654
17316720
17316804
17316867
17316904
17316909
17317078
17317132
17317262
17317701
17318068
17318104
17318135
17318366
17318395
17318521
17318650
17318711
17319532
17319546
17319555
17319712
17319720
17319755
17319794
17319837
17319841
17320442
17320674
17320690
17321830
17323071
17323501
17323605
17323758
17323766
17324188
17324198
17324283
17324961
17324970
17325072
17325088
17325161
17325193
17325299
17325316
17325402
17325618
17325725
17325726
17325727
17325763
17325809
17325821
17325824
17325895
17325927
17325973
17326176
17326244
17326296
17326483
17326510
17326629
17327139
17327146
17327364
17327386
17327389
17327549
17327568
17327700
17328746
17330134
17330489
17330494
17330665
17331646
17331667
17331727
17331902
17331953
17332154
17332206
17332231
17332382
17332384
17332410
17332525
17332736
17332791
17332875
17332982
17333028
17333130
17333313
17333528
17333902
17333945
17334422
17334426
17335062
17335195
17335202
17335278
17335442
17335536
17335586
17335713
17335986
17336391
17336502
17336603
17336618
17336681
17336839
17336864
17336941
17336952
17337025
17337374
17337507
17337595
17337609
17337841
17337894
17337930
17337967
17337968
17337985
17338112
17338146
17338403
17338404
17338430
17338523
17338863
17339420
17339614
17339776
17340158
17340723
17340838
17342218
17344094
17344180
17344261
17344378
17344434
17344943
17345362
17345426
17345536
17345564
17345592
17345596
17345639
17345651
17345681
17345733
17345792
17345793
17345884
17346017
17346080
17346252
17346259
17346352
17346522
17346709
17347042
17347426
17347493
17347678
17347769
17347980
17349084
17349378
17349382
17349879
17350044
17350168
17350264
17350489
17350653
17350690
17350715
17350846
17351015
17351383
17351385
17351395
17351404
17351424
17351444
17351540
17351552
17351554
17351560
17351603
17351620
17351624
17351732
17351919
17352187
17352300
17352360
17352666
17352667
17352888
17353086
17353127
17353188
17353323
17353392
17353397
17353563
17353573
17353634
17353740
17353741
17353823
17353946
17354038
17354268
17354377
17354603
17354742
17354758
17355207
17356261
17356264
17356333
17356357
17356622
17356805
17358646
17359276
17359436
17359495
17359943
17360024
17360055
17360098
17360243
17360385
17360423
17360437
17360447
17360585
17360594
17360717
17360777
17361429
17361681
17361687
17361717
17361738
17361781
17361912
17361974
17362097
17362513
17362554
17362568
17362738
17362774
17362895
17363124
17363182
17363459
17363465
17363681
17363697
17363802
17364222
17364277
17364324
17364430
17364480
17364530
17364550
17364871
17365206
17365351
17365375
17365572
17365896
17366195
17366205
17366371
17366431
17366714
17366807
17367027
17367177
17367633
17367724
17367776
17367812
17367906
17368109
17369146
17369237
17369467
17369573
17369664
17369829
17369935
17370031
17370358
17370375
17370470
17370569
17370764
17370827
17371008
17371370
17371551
17371712
17371757
17371989
17372263
17372305
17372446
17372511
17372651
17372670
17372706
17372760
17372808
17372884
17372893
17372962
17373035
17373056
17373070
17373463
17373546
17373764
17373837
17373955
17374108
17374143
17374326
17374436
17374449
17374593
17374606
17374643
17374780
17374818
17375065
17375114
17375139
17375518
17375628
17375805
17375850
17375914
17376120
17376285
17376333
17376600
17376800
17376943
17376975
17376991
17377502
17377994
17379124
17382258
17382456
17386008
17386318
17386544
17386634
17386646
17386841
17387651
17387747
17388038
17388052
17388104
17388377
17388408
17388755
17388862
17388983
17389294
17389305
17389316
17389599
17389614
17389668
17389772
17389846
17389885
17389898
17389908
17389911
17389915
17389923
17390005
17390009
17390198
17390399
17390492
17390677
17390861
17390899
17390900
17391160
17391192
17391309
17391332
17391345
17391524
17391677
17391706
17391801
17392173
17392259
17392324
17392384
17392512
17392584
17392783
17393092
17393113
17393468
17393657
17393781
17394033
17394276
17394718
17394840
17395032
17395145
17395172
17395327
17395385
17395406
17395844
17395971
17396598
17396600
17397092
17397317
17397325
17397365
17397397
17397422
17397653
17397767
17397792
17398088
17398285
17398897
17398927
17398980
17399026
17399157
17399223
17399342
17399467
17399780
17399832
17400281
17400462
17400544
17400726
17400727
17400795
17400919
17400932
17400965
17401078
17401099
17401180
17401321
17401468
17402314
17402332
17402645
17402832
17402878
17403017
17403124
17403127
17403137
17403165
17403342
17403343
17403411
17403450
17403477
17403503
17403676
17403925
17404095
17404221
17404246
17404283
17404289
17404336
17404484
17404563
17404573
17404630
17404898
17404984
17404987
17405036
17405055
17405258
17405279
17405446
17405481
17406180
17406489
17406870
17407358
17407454
17407464
17407847
17407874
17408101
17408484
17408762
17409191
17409266
17409397
17409547
17409602
17409610
17409657
17410088
17410096
17410107
17410322
17410778
17411199
17411230
17411312
17411374
17411624
17411852
17412031
17412047
17412145
17412166
17412168
17412321
17412493
17412608
17412621
17412797
17412984
17413126
17413238
17413242
17413279
17413295
17413332
17413882
17413897
17413974
17413979
17414015
17414060
17414246
17414575
17414583
17414854
17414924
17415088
17415207
17415245
17415306
17415369
17415378
17415505
17415607
17415681
17415772
17415890
17416102
17416245
17416511
17416721
17416761
17417007
17417137
17417405
17417482
17417573
17417705
17417963
17418474
17419245
17419265
17419913
17420037
17420082
17420260
17420454
17420545
17420614
17420628
17420681
17420684
17420726
17420755
17421063
17421479
17421574
17421644
17421831
17422056
17422224
17422968
17423085
17423100
17423544
17423801
17423812
17423821
17423926
17424091
17424519
17424643
17424671
17424692
17424693
17424759
17424919
17424978
17425092
17425220
17425257
17425265
17425443
17425487
17426287
17426536
17426619
17426653
17426655
17426725
17426811
17426956
17427091
17427294
17427352
17427488
17427646
17427664
17427807
17427866
17427901
17428376
17428432
17428800
17428874
17428877
17429294
17429525
17429812
17429994
17430135
17430170
17430177
17430183
17430255
17430381
17430462
17430649
17430704
17430816
17430910
17431024
17431361
17431409
17431441
17431445
17431620
17431719
17431881
17432361
17432499
17432533
17432553
17432937
17432939
17433154
17433440
17433479
17433663
17433817
17433852
17433922
17434129
17434313
17434349
17434360
17434388
17434676
17434888
17435084
17435098
17435535
17435645
17435701
17435764
17435828
17435860
17436027
17436079
17436204
17436476
17436633
17436713
17437155
17437364
17437462
17437644
17437707
17437800
17437872
17437902
17437975
17438071
17438073
17438229
17438270
17438417
17438593
17438787
17439464
17439568
17439892
17440079
17440127
17440482
17440534
17440545
17440578
17440762
17440967
17441205
17441338
17441340
17441397
17441452
17441652
17441665
17441760
17441966
17442317
17442416
17442756
17442777
17443012
17443071
17443242
17443283
17443557
17444208
17444303
17444685
17444699
17444766
17445019
17445189
17445338
17445345
17445860
17445966
17446347
17446625
17446648
17446742
17446866
17447017
17447035
17447039
17447091
17447362
17447454
17447699
17447995
17448275
17448427
17448465
17448604
17448802
17449612
17449820
17450056
17450271
17450312
17450387
17450481
17450590
17450605
17450776
17450864
17451387
17451864
17451890
17451901
17451926
17452032
17452058
17452375
17452432
17452588
17452741
17452800
17452902
17453865
17454018
17454030
17454403
17455589
17455646
17456031
17456211
17457137
17457307
17457322
17457344
17457390
17457398
17457429
17457504
17457919
17458061
17458088
17458174
17458347
17458378
17458738
17458889
17459064
17459189
17459532
17460005
17460314
17460669
17460795
17460931
17460934
17461134
17461135
17461169
17461302
17461516
17461526
17461646
17462083
17462098
17462512
17462833
17462840
17463335
17463403
17463709
17464327
17464369
17464444
17465066
17465194
17465529
17465747
17465969
17466066
17466173
17466226
17466249
17466611
17466962
17467296
17467445
17467531
17467703
17467755
17467805
17467834
17468030
17468045
17468690
17468743
17469189
17469315
17469431
17469636
17469659
17469823
17469996
17470650
17471020
17471054
17471264
17471733
17471770
17471774
17471916
17472488
17473012
17473659
17473678
17473681
17474350
17474845
17476086
17477342
17477538
17477625
17477643
17477786
17477808
17478496
17478594
17478738
17478740
17478757
17478925
17479203
17479273
17479359
17479378
17479787
17479994
17480649
17480672
17480683
17481086
17481359
17481369
17481376
17481715
17481816
17481883
17481938
17482143
17482151
17482179
17482567
17482957
17483151
17483295
17483497
17484027
17484214
17484614
17484866
17485080
17485127
17485196
17485219
17485248
17485268
17485411
17485490
17485701
17485748
17485888
17486178
17486402
17486443
17486457
17486482
17486483
17486489
17486790
17486816
17486919
17486923
17486955
17487131
17487745
17488176
17488199
17488375
17488903
17489096
17489444
17489576
17489645
17489693
17491347
17491696
17491898
17492735
17492947
17493280
17494177
17494261
17495103
17495314
17495385
17496170
17496316
17496852
17497236
17497288
17498117
17498593
17499038
17499103
17499166
17499278
17499311
17499437
17499543
17499867
17499871
17499909
17500404
17500838
17500902
17500912
17500976
17501645
17502285
17503935
17504089
17504156
17504666
17504732
17504834
17504945
17505089
17505094
17505125
17505198
17505421
17505697
17506353
17506629
17506830
17507186
17507549
17507599
17507629
17507671
17508299
17508574
17508598
17508977
17509109
17509319
17509322
17509508
17509832
17509941
17509944
17510003
17510010
17510137
17510328
17510443
17510545
17510546
17510556
17511344
17511374
17511502
17511506
17511627
17511636
17511653
17511771
17511950
17511984
17512180
17512830
17512916
17513603
17513991
17514190
17514736
17515194
17515622
17515758
17516152
17516271
17516276
17516362
17516769
17516828
17517247
17517576
17517583
17517658
17517770
17517786
17517987
17518415
17518741
17518926
17518966
17519059
17519477
17519761
17520496
17521028
17521255
17521258
17521263
17521440
17521587
17522188
17522345
17522631
17522934
17522976
17523413
17523454
17523611
17524245
17524788
17525043
17525418
17525555
17525558
17525585
17525587
17525610
17526146
17526160
17526161
17526979
17526980
17527017
17527047
17527099
17527229
17527408
17527671
17527922
17528079
17528238
17528314
17528398
17528400
17528747
17529193
17529698
17529750
17530080
17530505
17530525
17530574
17530683
17530727
17530895
17530921
17531795
17532162
17532355
17532396
17532496
17532788
17532885
17532996
17533125
17533312
17533466
17533629
17533732
17533740
17533883
17534188
17534278
17534532
17534695
17535081
17535095
17535153
17535276
17535331
17536493
17536739
17536859
17536898
17536899
17536910
17537677
17537805
17537930
17537940
17537987
17538211
17538292
17538342
17539093
17539398
17540405
17540415
17540685
17540742
17540932
17541468
17541657
17542002
17542535
17542704
17542811
17543208
17543925
17544062
17544720
17544882
17545429
17545440
17545749
17546943
17547812
17547972
17547997
17548055
17548227
17548891
17549299
17549836
17549850
17549945
17550128
17550335
17551102
17551243
17552692
17552742
17553040
17553320
17553673
17553757
17555323
17555662
17556634
17557438
17557650
17558328
17558388
17558631
17558770
17558914
17559034
17559223
17559431
17560300
17560583
17560850
17561068
17561334
17561494
17561533
17561630
17561875
17562028
17562173
17562190
17562598
17562641
17562942
17562954
17562995
17563267
17563461
17564911
17565651
17565674
17566247
17566315
17566530
17566781
17566814
17566854
17567456
17567524
17567580
17568288
17568294
17568961
17569371
17569417
17569910
17570029
17571164
17571213
17571252
17571439
17571515
17571889
17572194
17572396
17572766
17573699
17574836
17575015
17575447
17575759
17575814
17575854
17575938
17575997
17576885
17577625
17578140
17578390
17578650
17578651
17578925
17579049
17579624
17580462
17580696
17580892
17581404
17581438
17583298
17583874
17584301
17584647
17584664
17584776
17585069
17585236
17585818
17587111
17587384
17588314
17589020
17589855
17591222
17591426
17591748
17593560
17594300
17594470
17594513
17594640
17594882
17595194
17596754
17597556
17598856
17600492
17601624
17601663
17602437
17602739
17602925
17603177
17603293
17604168
17604941
17605161
17606532
17606741
17606768
17606885
17608476
17610808
17611952
17615176
5948555	
6270693	
6829296	
7167593	
7300185	
7796536	
7819346	
7953858	
7961878	
8105842	
8343618	
8476052	
8567105	
8771482	
8919249	
8948103	
9116110	
9215570	
9261740	
9331863	
9502505	
9530107	
9547636	
9550723	
9639127	
9822125	